Subgraphx: 423.75557497669666
GNN Explainer: 11.086324083177667
MCTS_GNN: 6.448645736890681