Subgraphx: 45.879567422364886
GNN Explainer: 6.824011752479954
MCTS_GNN: 1.8577266366858232