Subgraphx: 160.95848386638303
GNN Explainer: 6.625155875557347
MCTS_GNN: 2.965972328186035